mC mH tb Zd Ze
1016.2776 125.09 1.5 49.339 37.6109
1016.2776 225.09 1.5 75.429 54.0989
1016.2776 325.09 1.5 85.2572 56.9162
1016.2776 425.09 1.5 4.01372 3.52378
1016.2776 525.09 1.5 2.47966 2.2432
1016.2776 625.09 1.5 1.74617 1.63931
1016.2776 725.09 1.5 1.26092 1.20159
1016.2776 825.09 1.5 0.654834 0.639293
1016.2776 925.09 1.5 0.0204156 0.0203962
1116.2776 1025.09 1.5 0.0145353 0.0145265
1116.2776 125.09 1.5 42.7302 31.1938
1116.2776 225.09 1.5 64.5018 45.6605
1116.2776 325.09 1.5 77.5568 49.4485
1116.2776 425.09 1.5 3.5403 3.10584
1116.2776 525.09 1.5 2.21433 2.01659
1116.2776 625.09 1.5 1.61225 1.50787
1116.2776 725.09 1.5 1.38782 1.31602
1116.2776 825.09 1.5 1.13218 1.07801
1116.2776 925.09 1.5 0.544166 0.531158
1216.2776 1025.09 1.5 0.386417 0.381131
1216.2776 1125.09 1.5 0.0115429 0.0115367
1216.2776 125.09 1.5 37.5285 26.9964
1216.2776 225.09 1.5 64.5104 42.3577
1216.2776 325.09 1.5 67.4989 43.7033
1216.2776 425.09 1.5 3.07444 2.71983
1216.2776 525.09 1.5 1.80635 1.67525
1216.2776 625.09 1.5 1.54136 1.44406
1216.2776 725.09 1.5 1.2697 1.20937
1216.2776 825.09 1.5 1.10959 1.06262
1216.2776 925.09 1.5 0.866437 0.836162
1316.2776 1025.09 1.5 0.698442 0.702604
1316.2776 1125.09 1.5 0.377113 0.370273
1316.2776 1225.09 1.5 0.00857007 0.00856674
1316.2776 125.09 1.5 35.178 24.7592
1316.2776 225.09 1.5 55.2094 36.5551
1316.2776 325.09 1.5 63.1975 38.7804
1316.2776 425.09 1.5 2.40241 2.17556
1316.2776 525.09 1.5 1.53034 1.43176
1316.2776 625.09 1.5 1.2309 1.17204
1316.2776 725.09 1.5 1.16863 1.11153
1316.2776 825.09 1.5 1.09918 1.04758
1316.2776 925.09 1.5 0.910426 0.876883
1416.2776 1025.09 1.5 0.782893 0.75555
1416.2776 1125.09 1.5 0.600015 0.583524
1416.2776 1225.09 1.5 0.287641 0.283829
1416.2776 125.09 1.5 27.6726 20.5353
1416.2776 1325.09 1.5 0.00691245 0.00691005
1416.2776 225.09 1.5 49.4744 32.0423
1416.2776 325.09 1.5 55.7417 34.867
1416.2776 425.09 1.5 2.04688 1.87507
1416.2776 525.09 1.5 1.26298 1.19536
1416.2776 625.09 1.5 1.0074 0.967836
1416.2776 725.09 1.5 0.969711 0.932461
1416.2776 825.09 1.5 0.959808 0.919016
1416.2776 925.09 1.5 0.834634 0.806525
1516.2776 1025.09 1.5 0.689312 0.66752
1516.2776 1125.09 1.5 0.603851 0.586548
1516.2776 1225.09 1.5 0.454246 0.445292
1516.2776 125.09 1.5 26.4066 18.1223
1516.2776 1325.09 1.5 0.202028 0.200365
1516.2776 1425.09 1.5 0.00548257 0.00548108
1516.2776 225.09 1.5 43.8346 28.0207
1516.2776 325.09 1.5 46.316 29.7833
1516.2776 425.09 1.5 1.60705 1.4998
1516.2776 525.09 1.5 1.01113 0.967834
1516.2776 625.09 1.5 0.900126 0.863594
1516.2776 725.09 1.5 0.784739 0.760058
1516.2776 825.09 1.5 0.728108 0.706589
1516.2776 925.09 1.5 0.759617 0.733278
1616.2776 1025.09 1.5 0.607682 0.590835
1616.2776 1125.09 1.5 0.57828 0.562699
1616.2776 1225.09 1.5 0.493305 0.482278
1616.2776 125.09 1.5 21.7097 15.3726
1616.2776 1325.09 1.5 0.368828 0.362803
1616.2776 1425.09 1.5 0.170221 0.168863
1616.2776 1525.09 1.5 0.00389337 0.0038927
1616.2776 225.09 1.5 38.3901 24.5618
1616.2776 325.09 1.5 42.1444 26.6657
1616.2776 425.09 1.5 1.46811 1.37424
1616.2776 525.09 1.5 0.8287 0.800419
1616.2776 625.09 1.5 0.731668 0.70735
1616.2776 725.09 1.5 0.690861 0.668897
1616.2776 825.09 1.5 0.637856 0.619688
1616.2776 925.09 1.5 0.644351 0.625506
1716.2776 1025.09 1.5 0.523695 0.51109
1716.2776 1125.09 1.5 0.511214 0.498854
1716.2776 1225.09 1.5 0.47355 0.463262
1716.2776 125.09 1.5 20.5439 14.3792
1716.2776 1325.09 1.5 0.424178 0.415557
1716.2776 1425.09 1.5 0.285502 0.282164
1716.2776 1525.09 1.5 0.142167 0.141185
1716.2776 1625.09 1.5 0.00323262 0.00323213
1716.2776 225.09 1.5 31.1318 21.7512
1716.2776 325.09 1.5 37.2979 23.7915
1716.2776 425.09 1.5 1.21993 1.15346
1716.2776 525.09 1.5 0.71536 0.692738
1716.2776 625.09 1.5 0.598247 0.582598
1716.2776 725.09 1.5 0.571246 0.555937
1716.2776 825.09 1.5 0.555037 0.540629
1716.2776 925.09 1.5 0.533543 0.520191
1816.2776 1025.09 1.5 0.439583 0.430824
1816.2776 1125.09 1.5 0.457262 0.447218
1816.2776 1225.09 1.5 0.419678 0.411868
1816.2776 125.09 1.5 17.6695 12.5801
1816.2776 1325.09 1.5 0.379984 0.373457
1816.2776 1425.09 1.5 0.332584 0.327731
1816.2776 1525.09 1.5 0.270363 0.266821
1816.2776 1625.09 1.5 0.109735 0.109206
1816.2776 1725.09 1.5 0.00263421 0.00263387
1816.2776 225.09 1.5 30.1453 19.7729
1816.2776 325.09 1.5 33.079 21.3584
1816.2776 425.09 1.5 1.01665 0.969935
1816.2776 525.09 1.5 0.596026 0.579377
1816.2776 625.09 1.5 0.483465 0.473319
1816.2776 725.09 1.5 0.463492 0.453958
1816.2776 825.09 1.5 0.470389 0.460033
1816.2776 925.09 1.5 0.449995 0.440366
1916.2776 1025.09 1.5 0.193068 0.192945
1916.2776 1125.09 1.5 0.374089 0.367479
1916.2776 1225.09 1.5 0.363225 0.357127
1916.2776 125.09 1.5 15.7507 11.2485
1916.2776 1325.09 1.5 0.345131 0.339763
1916.2776 1425.09 1.5 0.320581 0.316012
1916.2776 1525.09 1.5 0.268012 0.264865
1916.2776 1625.09 1.5 0.216034 0.213791
1916.2776 1725.09 1.5 0.0902562 0.089894
1916.2776 1825.09 1.5 0.00205063 0.00205043
1916.2776 225.09 1.5 26.9354 17.7896
1916.2776 325.09 1.5 29.986 19.5821
1916.2776 425.09 1.5 0.838369 0.806129
1916.2776 525.09 1.5 0.292164 0.291335
1916.2776 625.09 1.5 0.376507 0.371029
1916.2776 725.09 1.5 0.413628 0.405474
1916.2776 825.09 1.5 0.404053 0.396215
1916.2776 925.09 1.5 0.367909 0.36193
2016.2776 1025.09 1.5 0.315773 0.311152
2016.2776 1125.09 1.5 0.321115 0.316128
2016.2776 1225.09 1.5 0.307859 0.303442
2016.2776 125.09 1.5 13.3894 9.8925
2016.2776 1325.09 1.5 0.302694 0.298436
2016.2776 1425.09 1.5 0.294145 0.290005
2016.2776 1525.09 1.5 0.281527 0.277776
2016.2776 1625.09 1.5 0.245275 0.242366
2016.2776 1725.09 1.5 0.169968 0.168649
2016.2776 1825.09 1.5 0.076883 0.0766016
2016.2776 1925.09 1.5 0.00174758 0.00174743
2016.2776 225.09 1.5 22.741 15.7723
2016.2776 325.09 1.5 25.7799 17.1676
2016.2776 425.09 1.5 0.693121 0.671111
2016.2776 525.09 1.5 0.416074 0.408292
2016.2776 625.09 1.5 0.371602 0.364909
2016.2776 725.09 1.5 0.329354 0.324385
2016.2776 825.09 1.5 0.325842 0.320859
2016.2776 925.09 1.5 0.309255 0.305137
2116.2776 1025.09 1.5 0.274264 0.270735
2116.2776 1125.09 1.5 0.168962 0.168526
2116.2776 1225.09 1.5 0.275153 0.271506
2116.2776 125.09 1.5 11.6226 8.73338
2116.2776 1325.09 1.5 0.263891 0.260612
2116.2776 1425.09 1.5 0.267347 0.263872
2116.2776 1525.09 1.5 0.256471 0.253274
2116.2776 1625.09 1.5 0.237086 0.234402
2116.2776 1725.09 1.5 0.207992 0.205893
2116.2776 1825.09 1.5 0.149048 0.147984
2116.2776 1925.09 1.5 0.0642587 0.064059
2116.2776 2025.09 1.5 0.00133268 0.0013326
2116.2776 225.09 1.5 20.579 14.27
2116.2776 325.09 1.5 22.6725 15.3795
2116.2776 425.09 1.5 0.576284 0.560779
2116.2776 525.09 1.5 0.363745 0.357316
2116.2776 625.09 1.5 0.303744 0.299405
2116.2776 725.09 1.5 0.282926 0.279152
2116.2776 825.09 1.5 0.278032 0.274332
2116.2776 925.09 1.5 0.277258 0.27358
216.2776 125.09 1.5 8.23908 11.9117
2216.2776 1025.09 1.5 0.233183 0.230577
2216.2776 1125.09 1.5 0.234348 0.231682
2216.2776 1225.09 1.5 0.233208 0.230611
2216.2776 125.09 1.5 10.3065 7.75092
2216.2776 1325.09 1.5 0.223708 0.221379
2216.2776 1425.09 1.5 0.231604 0.228984
2216.2776 1525.09 1.5 0.221132 0.218755
2216.2776 1625.09 1.5 0.218714 0.216395
2216.2776 1725.09 1.5 0.205609 0.203528
2216.2776 1825.09 1.5 0.167627 0.166306
2216.2776 1925.09 1.5 0.125274 0.124508
2216.2776 2025.09 1.5 0.0540868 0.0539456
2216.2776 2125.09 1.5 0.00113182 0.00113175
2216.2776 225.09 1.5 18.7573 13.0396
2216.2776 325.09 1.5 20.504 14.0706
2216.2776 425.09 1.5 0.463847 0.471634
2216.2776 525.09 1.5 0.29881 0.2945
2216.2776 625.09 1.5 0.251499 0.248487
2216.2776 725.09 1.5 0.243471 0.240611
2216.2776 825.09 1.5 0.237812 0.235034
2216.2776 925.09 1.5 0.135035 0.134843
2316.2776 1025.09 1.5 0.195852 0.194036
2316.2776 1125.09 1.5 0.198829 0.198388
2316.2776 1225.09 1.5 0.198197 0.19632
2316.2776 125.09 1.5 9.2991 7.22972
2316.2776 1325.09 1.5 0.200923 0.198945
2316.2776 1425.09 1.5 0.198898 0.196965
2316.2776 1525.09 1.5 0.199127 0.197177
2316.2776 1625.09 1.5 0.195682 0.193824
2316.2776 1725.09 1.5 0.184882 0.183223
2316.2776 1825.09 1.5 0.175991 0.174471
2316.2776 1925.09 1.5 0.148581 0.147499
2316.2776 2025.09 1.5 0.107161 0.106611
2316.2776 2125.09 1.5 0.0436859 0.0435928
2316.2776 2225.09 1.5 0.000914585 0.000914545
2316.2776 225.09 1.5 16.3435 11.648
2316.2776 325.09 1.5 18.1756 12.7203
2316.2776 425.09 1.5 0.401319 0.393589
2316.2776 525.09 1.5 0.250789 0.247708
2316.2776 625.09 1.5 0.218135 0.215841
2316.2776 725.09 1.5 0.212243 0.210035
2316.2776 825.09 1.5 0.199113 0.197238
2316.2776 925.09 1.5 0.201833 0.199856
2416.2776 1025.09 1.5 0.169808 0.16845
2416.2776 1125.09 1.5 0.173255 0.171778
2416.2776 1225.09 1.5 0.170154 0.16876
2416.2776 125.09 1.5 7.91916 6.26538
2416.2776 1325.09 1.5 0.171964 0.170504
2416.2776 1425.09 1.5 0.172715 0.171243
2416.2776 1525.09 1.5 0.167837 0.166476
2416.2776 1625.09 1.5 0.166954 0.165593
2416.2776 1725.09 1.5 0.164612 0.163288
2416.2776 1825.09 1.5 0.157421 0.156213
2416.2776 1925.09 1.5 0.142742 0.141757
2416.2776 2025.09 1.5 0.123718 0.122986
2416.2776 2125.09 1.5 0.0883195 0.0879414
2416.2776 2225.09 1.5 0.0364041 0.0363413
2416.2776 225.09 1.5 14.6586 10.5948
2416.2776 2325.09 1.5 0.000774113 0.000774083
2416.2776 325.09 1.5 16.4225 11.6736
2416.2776 425.09 1.5 0.341636 0.336155
2416.2776 525.09 1.5 0.205612 0.203592
2416.2776 625.09 1.5 0.184776 0.183109
2416.2776 725.09 1.5 0.173504 0.172017
2416.2776 825.09 1.5 0.172499 0.171046
2416.2776 925.09 1.5 0.174906 0.173404
2516.2776 1025.09 1.5 0.149703 0.1486
2516.2776 1125.09 1.5 0.14517 0.144166
2516.2776 1225.09 1.5 0.148273 0.147184
2516.2776 125.09 1.5 7.33067 5.84868
2516.2776 1325.09 1.5 0.149448 0.148342
2516.2776 1425.09 1.5 0.147733 0.146658
2516.2776 1525.09 1.5 0.143732 0.142745
2516.2776 1625.09 1.5 0.0926885 0.0925363
2516.2776 1725.09 1.5 0.148329 0.14724
2516.2776 1825.09 1.5 0.140998 0.140032
2516.2776 1925.09 1.5 0.135142 0.134262
2516.2776 2025.09 1.5 0.12825 0.127445
2516.2776 2125.09 1.5 0.106918 0.106361
2516.2776 2225.09 1.5 0.0783998 0.0780935
2516.2776 225.09 1.5 12.9999 9.57723
2516.2776 2325.09 1.5 0.0314845 0.0314357
2516.2776 2425.09 1.5 0.000651548 0.000651527
2516.2776 325.09 1.5 13.9067 10.1439
2516.2776 425.09 1.5 0.286719 0.282829
2516.2776 525.09 1.5 0.175327 0.173821
2516.2776 625.09 1.5 0.157713 0.156481
2516.2776 725.09 1.5 0.147444 0.146371
2516.2776 825.09 1.5 0.145226 0.144191
2516.2776 925.09 1.5 0.145511 0.144473
2616.2776 1025.09 1.5 0.124897 0.124132
2616.2776 1125.09 1.5 0.127014 0.126227
2616.2776 1225.09 1.5 0.126553 0.125772
2616.2776 125.09 1.5 6.0658 4.96444
2616.2776 1325.09 1.5 0.131165 0.130318
2616.2776 1425.09 1.5 0.128926 0.128107
2616.2776 1525.09 1.5 0.129931 0.129099
2616.2776 1625.09 1.5 0.129015 0.128193
2616.2776 1725.09 1.5 0.129291 0.128463
2616.2776 1825.09 1.5 0.0821623 0.0820276
2616.2776 1925.09 1.5 0.122231 0.121499
2616.2776 2025.09 1.5 0.11594 0.115303
2616.2776 2125.09 1.5 0.108697 0.108116
2616.2776 2225.09 1.5 0.0946356 0.0941898
2616.2776 225.09 1.5 11.1699 8.39385
2616.2776 2325.09 1.5 0.0654554 0.0652491
2616.2776 2425.09 1.5 0.0266447 0.0266095
2616.2776 2525.09 1.5 0.000554608 0.000554592
2616.2776 325.09 1.5 12.8155 9.4463
2616.2776 425.09 1.5 0.247177 0.244192
2616.2776 525.09 1.5 0.151456 0.150326
2616.2776 625.09 1.5 0.106738 0.106354
2616.2776 725.09 1.5 0.126505 0.125765
2616.2776 825.09 1.5 0.126351 0.125564
2616.2776 925.09 1.5 0.123325 0.122599
2716.2776 1025.09 1.5 0.109732 0.109134
2716.2776 1125.09 1.5 0.108001 0.107427
2716.2776 1225.09 1.5 0.085434 0.0852094
2716.2776 125.09 1.5 5.36498 4.45935
2716.2776 1325.09 1.5 0.110236 0.109638
2716.2776 1425.09 1.5 0.107495 0.106952
2716.2776 1525.09 1.5 0.112537 0.111911
2716.2776 1625.09 1.5 0.109897 0.109303
2716.2776 1725.09 1.5 0.112978 0.112344
2716.2776 1825.09 1.5 0.11184 0.111218
2716.2776 1925.09 1.5 0.110408 0.109804
2716.2776 2025.09 1.5 0.105123 0.104591
2716.2776 2125.09 1.5 0.102498 0.101987
2716.2776 2225.09 1.5 0.0933254 0.0929037
2716.2776 225.09 1.5 9.97085 7.62353
2716.2776 2325.09 1.5 0.0804497 0.0801295
2716.2776 2425.09 1.5 0.0572194 0.0570578
2716.2776 2525.09 1.5 0.0225203 0.0224949
2716.2776 2625.09 1.5 0.000457541 0.00045753
2716.2776 325.09 1.5 11.4168 8.55352
2716.2776 425.09 1.5 0.212217 0.210013
2716.2776 525.09 1.5 0.126682 0.125911
2716.2776 625.09 1.5 0.112016 0.111394
2716.2776 725.09 1.5 0.104239 0.103722
2716.2776 825.09 1.5 0.104675 0.10416
2716.2776 925.09 1.5 0.105436 0.104889
2816.2776 1025.09 1.5 0.0929604 0.0925374
2816.2776 1125.09 1.5 0.0918185 0.0914177
2816.2776 1225.09 1.5 0.0941278 0.0936972
2816.2776 125.09 1.5 4.84199 4.07298
2816.2776 1325.09 1.5 0.0976625 0.0971935
2816.2776 1425.09 1.5 0.0959094 0.0954588
2816.2776 1525.09 1.5 0.0877562 0.0874225
2816.2776 1625.09 1.5 0.0912303 0.0908486
2816.2776 1725.09 1.5 0.0961291 0.095683
2816.2776 1825.09 1.5 0.0973137 0.0968431
2816.2776 1925.09 1.5 0.0945581 0.094134
2816.2776 2025.09 1.5 0.0935639 0.0931308
2816.2776 2125.09 1.5 0.0922612 0.0918464
2816.2776 2225.09 1.5 0.0885022 0.0881134
2816.2776 225.09 1.5 5.18585 5.0118
2816.2776 2325.09 1.5 0.0793436 0.0790337
2816.2776 2425.09 1.5 0.0678192 0.0675912
2816.2776 2525.09 1.5 0.0488006 0.048683
2816.2776 2625.09 1.5 0.0191526 0.0191345
2816.2776 2725.09 1.5 0.000381679 0.000381671
2816.2776 325.09 1.5 10.0322 7.66465
2816.2776 425.09 1.5 0.178937 0.177389
2816.2776 525.09 1.5 0.108045 0.107467
2816.2776 625.09 1.5 0.0956321 0.0951858
2816.2776 725.09 1.5 0.0881231 0.0877689
2816.2776 825.09 1.5 0.0482964 0.0482783
2816.2776 925.09 1.5 0.0921665 0.0917489
2916.2776 1025.09 1.5 0.042236 0.0422229
2916.2776 1125.09 1.5 0.0422308 0.0422209
2916.2776 1225.09 1.5 0.0784378 0.0781461
2916.2776 125.09 1.5 4.2282 3.61343
2916.2776 1325.09 1.5 0.0836086 0.0832683
2916.2776 1425.09 1.5 0.0846952 0.08434
2916.2776 1525.09 1.5 0.0859401 0.0855752
2916.2776 1625.09 1.5 0.0833287 0.0829966
2916.2776 1725.09 1.5 0.08354 0.083198
2916.2776 1825.09 1.5 0.0850622 0.0847063
2916.2776 1925.09 1.5 0.0491526 0.0491248
2916.2776 2025.09 1.5 0.0844387 0.0840925
2916.2776 2125.09 1.5 0.0821838 0.081849
2916.2776 2225.09 1.5 0.0799771 0.0796633
2916.2776 225.09 1.5 7.9597 6.27519
2916.2776 2325.09 1.5 0.0755764 0.0753
2916.2776 2425.09 1.5 0.0708651 0.0706184
2916.2776 2525.09 1.5 0.0606357 0.0604541
2916.2776 2625.09 1.5 0.0413178 0.0412339
2916.2776 2725.09 1.5 0.0163035 0.0162905
2916.2776 2825.09 1.5 0.000321503 0.000321499
2916.2776 325.09 1.5 9.03354 7.00171
2916.2776 425.09 1.5 0.149967 0.148864
2916.2776 525.09 1.5 0.0922537 0.0918353
2916.2776 625.09 1.5 0.0825384 0.0822019
2916.2776 725.09 1.5 0.0778485 0.0775538
2916.2776 825.09 1.5 0.0802555 0.0799353
2916.2776 925.09 1.5 0.079596 0.0792816
3016.2776 1025.09 1.5 0 0
3016.2776 1125.09 1.5 0 0
3016.2776 1225.09 1.5 0 0
3016.2776 125.09 1.5 0 0
3016.2776 1325.09 1.5 0 0
3016.2776 1425.09 1.5 0 0
3016.2776 1525.09 1.5 0 0
3016.2776 1625.09 1.5 0 0
3016.2776 1725.09 1.5 0 0
3016.2776 1825.09 1.5 0 0
3016.2776 1925.09 1.5 0 0
3016.2776 2025.09 1.5 0 0
3016.2776 2125.09 1.5 0 0
3016.2776 2225.09 1.5 0 0
3016.2776 225.09 1.5 0 0
3016.2776 2325.09 1.5 0 0
3016.2776 2425.09 1.5 0 0
3016.2776 2525.09 1.5 0 0
3016.2776 2625.09 1.5 0 0
3016.2776 2725.09 1.5 0 0
3016.2776 2825.09 1.5 0 0
3016.2776 2925.09 1.5 0 0
3016.2776 325.09 1.5 0 0
3016.2776 425.09 1.5 0 0
3016.2776 525.09 1.5 0 0
3016.2776 625.09 1.5 0 0
3016.2776 725.09 1.5 0 0
3016.2776 825.09 1.5 0 0
3016.2776 925.09 1.5 0 0
3116.2776 1025.09 1.5 0 0
3116.2776 1125.09 1.5 0 0
3116.2776 1225.09 1.5 0 0
3116.2776 125.09 1.5 0 0
3116.2776 1325.09 1.5 0 0
3116.2776 1425.09 1.5 0 0
3116.2776 1525.09 1.5 0 0
3116.2776 1625.09 1.5 0 0
3116.2776 1725.09 1.5 0 0
3116.2776 1825.09 1.5 0 0
3116.2776 1925.09 1.5 0 0
3116.2776 2025.09 1.5 0 0
3116.2776 2125.09 1.5 0 0
3116.2776 2225.09 1.5 0 0
3116.2776 225.09 1.5 0 0
3116.2776 2325.09 1.5 0 0
3116.2776 2425.09 1.5 0 0
3116.2776 2525.09 1.5 0 0
3116.2776 2625.09 1.5 0 0
3116.2776 2725.09 1.5 0 0
3116.2776 2825.09 1.5 0 0
3116.2776 2925.09 1.5 0 0
3116.2776 3025.09 1.5 0 0
3116.2776 325.09 1.5 0 0
3116.2776 425.09 1.5 0 0
3116.2776 525.09 1.5 0 0
3116.2776 625.09 1.5 0 0
3116.2776 725.09 1.5 0 0
3116.2776 825.09 1.5 0 0
3116.2776 925.09 1.5 0 0
316.2776 125.09 1.5 27.1563 60.9683
316.2776 225.09 1.5 4.88806 6.08908
3216.2776 1025.09 1.5 0 0
3216.2776 1125.09 1.5 0 0
3216.2776 1225.09 1.5 0 0
3216.2776 125.09 1.5 0 0
3216.2776 1325.09 1.5 0 0
3216.2776 1425.09 1.5 0 0
3216.2776 1525.09 1.5 0 0
3216.2776 1625.09 1.5 0 0
3216.2776 1725.09 1.5 0 0
3216.2776 1825.09 1.5 0 0
3216.2776 1925.09 1.5 0 0
3216.2776 2025.09 1.5 0 0
3216.2776 2125.09 1.5 0 0
3216.2776 2225.09 1.5 0 0
3216.2776 225.09 1.5 0 0
3216.2776 2325.09 1.5 0 0
3216.2776 2425.09 1.5 0 0
3216.2776 2525.09 1.5 0 0
3216.2776 2625.09 1.5 0 0
3216.2776 2725.09 1.5 0 0
3216.2776 2825.09 1.5 0 0
3216.2776 2925.09 1.5 0 0
3216.2776 3025.09 1.5 0 0
3216.2776 3125.09 1.5 0 0
3216.2776 325.09 1.5 0 0
3216.2776 425.09 1.5 0 0
3216.2776 525.09 1.5 0 0
3216.2776 625.09 1.5 0 0
3216.2776 725.09 1.5 0 0
3216.2776 825.09 1.5 0 0
3216.2776 925.09 1.5 0 0
3316.2776 1025.09 1.5 0 0
3316.2776 1125.09 1.5 0 0
3316.2776 1225.09 1.5 0 0
3316.2776 125.09 1.5 0 0
3316.2776 1325.09 1.5 0 0
3316.2776 1425.09 1.5 0 0
3316.2776 1525.09 1.5 0 0
3316.2776 1625.09 1.5 0 0
3316.2776 1725.09 1.5 0 0
3316.2776 1825.09 1.5 0 0
3316.2776 1925.09 1.5 0 0
3316.2776 2025.09 1.5 0 0
3316.2776 2125.09 1.5 0 0
3316.2776 2225.09 1.5 0 0
3316.2776 225.09 1.5 0 0
3316.2776 2325.09 1.5 0 0
3316.2776 2425.09 1.5 0 0
3316.2776 2525.09 1.5 0 0
3316.2776 2625.09 1.5 0 0
3316.2776 2725.09 1.5 0 0
3316.2776 2825.09 1.5 0 0
3316.2776 2925.09 1.5 0 0
3316.2776 3025.09 1.5 0 0
3316.2776 3125.09 1.5 0 0
3316.2776 3225.09 1.5 0 0
3316.2776 325.09 1.5 0 0
3316.2776 425.09 1.5 0 0
3316.2776 525.09 1.5 0 0
3316.2776 625.09 1.5 0 0
3316.2776 725.09 1.5 0 0
3316.2776 825.09 1.5 0 0
3316.2776 925.09 1.5 0 0
3416.2776 1025.09 1.5 0 0
3416.2776 1125.09 1.5 0 0
3416.2776 1225.09 1.5 0 0
3416.2776 125.09 1.5 0 0
3416.2776 1325.09 1.5 0 0
3416.2776 1425.09 1.5 0 0
3416.2776 1525.09 1.5 0 0
3416.2776 1625.09 1.5 0 0
3416.2776 1725.09 1.5 0 0
3416.2776 1825.09 1.5 0 0
3416.2776 1925.09 1.5 0 0
3416.2776 2025.09 1.5 0 0
3416.2776 2125.09 1.5 0 0
3416.2776 2225.09 1.5 0 0
3416.2776 225.09 1.5 0 0
3416.2776 2325.09 1.5 0 0
3416.2776 2425.09 1.5 0 0
3416.2776 2525.09 1.5 0 0
3416.2776 2625.09 1.5 0 0
3416.2776 2725.09 1.5 0 0
3416.2776 2825.09 1.5 0 0
3416.2776 2925.09 1.5 0 0
3416.2776 3025.09 1.5 0 0
3416.2776 3125.09 1.5 0 0
3416.2776 3225.09 1.5 0 0
3416.2776 325.09 1.5 0 0
3416.2776 3325.09 1.5 0 0
3416.2776 425.09 1.5 0 0
3416.2776 525.09 1.5 0 0
3416.2776 625.09 1.5 0 0
3416.2776 725.09 1.5 0 0
3416.2776 825.09 1.5 0 0
3416.2776 925.09 1.5 0 0
3516.2776 1025.09 1.5 0 0
3516.2776 1125.09 1.5 0 0
3516.2776 1225.09 1.5 0 0
3516.2776 125.09 1.5 0 0
3516.2776 1325.09 1.5 0 0
3516.2776 1425.09 1.5 0 0
3516.2776 1525.09 1.5 0 0
3516.2776 1625.09 1.5 0 0
3516.2776 1725.09 1.5 0 0
3516.2776 1825.09 1.5 0 0
3516.2776 1925.09 1.5 0 0
3516.2776 2025.09 1.5 0 0
3516.2776 2225.09 1.5 0 0
3516.2776 225.09 1.5 0 0
3516.2776 2325.09 1.5 0 0
3516.2776 2425.09 1.5 0 0
3516.2776 2525.09 1.5 0 0
3516.2776 2625.09 1.5 0 0
3516.2776 2725.09 1.5 0 0
3516.2776 2825.09 1.5 0 0
3516.2776 2925.09 1.5 0 0
3516.2776 3025.09 1.5 0 0
3516.2776 3125.09 1.5 0 0
3516.2776 3225.09 1.5 0 0
3516.2776 325.09 1.5 0 0
3516.2776 3325.09 1.5 0 0
3516.2776 3425.09 1.5 0 0
3516.2776 425.09 1.5 0 0
3516.2776 525.09 1.5 0 0
3516.2776 625.09 1.5 0 0
3516.2776 725.09 1.5 0 0
3516.2776 825.09 1.5 0 0
3516.2776 925.09 1.5 0 0
3616.2776 1025.09 1.5 0 0
3616.2776 1125.09 1.5 0 0
3616.2776 1225.09 1.5 0 0
3616.2776 125.09 1.5 0 0
3616.2776 1325.09 1.5 0 0
3616.2776 1425.09 1.5 0 0
3616.2776 1525.09 1.5 0 0
3616.2776 1625.09 1.5 0 0
3616.2776 1725.09 1.5 0 0
3616.2776 1825.09 1.5 0 0
3616.2776 1925.09 1.5 0 0
3616.2776 2025.09 1.5 0 0
3616.2776 2125.09 1.5 0 0
3616.2776 2225.09 1.5 0 0
3616.2776 225.09 1.5 0 0
3616.2776 2325.09 1.5 0 0
3616.2776 2425.09 1.5 0 0
3616.2776 2525.09 1.5 0 0
3616.2776 2625.09 1.5 0 0
3616.2776 2725.09 1.5 0 0
3616.2776 2825.09 1.5 0 0
3616.2776 2925.09 1.5 0 0
3616.2776 3025.09 1.5 0 0
3616.2776 3125.09 1.5 0 0
3616.2776 3225.09 1.5 0 0
3616.2776 325.09 1.5 0 0
3616.2776 3325.09 1.5 0 0
3616.2776 3425.09 1.5 0 0
3616.2776 3525.09 1.5 0 0
3616.2776 425.09 1.5 0 0
3616.2776 525.09 1.5 0 0
3616.2776 625.09 1.5 0 0
3616.2776 725.09 1.5 0 0
3616.2776 825.09 1.5 0 0
3616.2776 925.09 1.5 0 0
3716.2776 1025.09 1.5 0 0
3716.2776 1125.09 1.5 0 0
3716.2776 1225.09 1.5 0 0
3716.2776 125.09 1.5 0 0
3716.2776 1325.09 1.5 0 0
3716.2776 1425.09 1.5 0 0
3716.2776 1525.09 1.5 0 0
3716.2776 1625.09 1.5 0 0
3716.2776 1725.09 1.5 0 0
3716.2776 1825.09 1.5 0 0
3716.2776 1925.09 1.5 0 0
3716.2776 2025.09 1.5 0 0
3716.2776 2125.09 1.5 0 0
3716.2776 2225.09 1.5 0 0
3716.2776 225.09 1.5 0 0
3716.2776 2325.09 1.5 0 0
3716.2776 2425.09 1.5 0 0
3716.2776 2525.09 1.5 0 0
3716.2776 2625.09 1.5 0 0
3716.2776 2725.09 1.5 0 0
3716.2776 2825.09 1.5 0 0
3716.2776 2925.09 1.5 0 0
3716.2776 3025.09 1.5 0 0
3716.2776 3125.09 1.5 0 0
3716.2776 3225.09 1.5 0 0
3716.2776 325.09 1.5 0 0
3716.2776 3325.09 1.5 0 0
3716.2776 3425.09 1.5 0 0
3716.2776 3525.09 1.5 0 0
3716.2776 3625.09 1.5 0 0
3716.2776 425.09 1.5 0 0
3716.2776 525.09 1.5 0 0
3716.2776 625.09 1.5 0 0
3716.2776 725.09 1.5 0 0
3716.2776 825.09 1.5 0 0
3716.2776 925.09 1.5 0 0
3816.2776 1025.09 1.5 0 0
3816.2776 1125.09 1.5 0 0
3816.2776 1225.09 1.5 0 0
3816.2776 125.09 1.5 0 0
3816.2776 1325.09 1.5 0 0
3816.2776 1425.09 1.5 0 0
3816.2776 1525.09 1.5 0 0
3816.2776 1625.09 1.5 0 0
3816.2776 1725.09 1.5 0 0
3816.2776 1825.09 1.5 0 0
3816.2776 1925.09 1.5 0 0
3816.2776 2025.09 1.5 0 0
3816.2776 2125.09 1.5 0 0
3816.2776 2225.09 1.5 0 0
3816.2776 225.09 1.5 0 0
3816.2776 2325.09 1.5 0 0
3816.2776 2425.09 1.5 0 0
3816.2776 2525.09 1.5 0 0
3816.2776 2625.09 1.5 0 0
3816.2776 2725.09 1.5 0 0
3816.2776 2825.09 1.5 0 0
3816.2776 2925.09 1.5 0 0
3816.2776 3025.09 1.5 0 0
3816.2776 3125.09 1.5 0 0
3816.2776 3225.09 1.5 0 0
3816.2776 325.09 1.5 0 0
3816.2776 3325.09 1.5 0 0
3816.2776 3425.09 1.5 0 0
3816.2776 3525.09 1.5 0 0
3816.2776 3625.09 1.5 0 0
3816.2776 3725.09 1.5 0 0
3816.2776 425.09 1.5 0 0
3816.2776 525.09 1.5 0 0
3816.2776 625.09 1.5 0 0
3816.2776 725.09 1.5 0 0
3816.2776 825.09 1.5 0 0
3816.2776 925.09 1.5 0 0
3916.2776 1025.09 1.5 0 0
3916.2776 1125.09 1.5 0 0
3916.2776 1225.09 1.5 0 0
3916.2776 1325.09 1.5 0 0
3916.2776 1425.09 1.5 0 0
3916.2776 1525.09 1.5 0 0
3916.2776 1625.09 1.5 0 0
3916.2776 1725.09 1.5 0 0
3916.2776 1825.09 1.5 0 0
3916.2776 1925.09 1.5 0 0
3916.2776 2025.09 1.5 0 0
3916.2776 2125.09 1.5 0 0
3916.2776 2225.09 1.5 0 0
3916.2776 225.09 1.5 0 0
3916.2776 2325.09 1.5 0 0
3916.2776 2425.09 1.5 0 0
3916.2776 2525.09 1.5 0 0
3916.2776 2625.09 1.5 0 0
3916.2776 2725.09 1.5 0 0
3916.2776 2825.09 1.5 0 0
3916.2776 2925.09 1.5 0 0
3916.2776 3025.09 1.5 0 0
3916.2776 3125.09 1.5 0 0
3916.2776 3225.09 1.5 0 0
3916.2776 325.09 1.5 0 0
3916.2776 3325.09 1.5 0 0
3916.2776 3425.09 1.5 0 0
3916.2776 3525.09 1.5 0 0
3916.2776 3625.09 1.5 0 0
3916.2776 3725.09 1.5 0 0
3916.2776 3825.09 1.5 0 0
3916.2776 425.09 1.5 0 0
3916.2776 525.09 1.5 0 0
3916.2776 625.09 1.5 0 0
3916.2776 725.09 1.5 0 0
3916.2776 825.09 1.5 0 0
3916.2776 925.09 1.5 0 0
4016.2776 1025.09 1.5 0 0
4016.2776 1125.09 1.5 0 0
4016.2776 1225.09 1.5 0 0
4016.2776 1325.09 1.5 0 0
4016.2776 1425.09 1.5 0 0
4016.2776 1525.09 1.5 0 0
4016.2776 1625.09 1.5 0 0
4016.2776 1725.09 1.5 0 0
4016.2776 1825.09 1.5 0 0
4016.2776 1925.09 1.5 0 0
4016.2776 2025.09 1.5 0 0
4016.2776 2125.09 1.5 0 0
4016.2776 2225.09 1.5 0 0
4016.2776 225.09 1.5 0 0
4016.2776 2325.09 1.5 0 0
4016.2776 2425.09 1.5 0 0
4016.2776 2525.09 1.5 0 0
4016.2776 2625.09 1.5 0 0
4016.2776 2725.09 1.5 0 0
4016.2776 2825.09 1.5 0 0
4016.2776 2925.09 1.5 0 0
4016.2776 3025.09 1.5 0 0
4016.2776 3125.09 1.5 0 0
4016.2776 3225.09 1.5 0 0
4016.2776 325.09 1.5 0 0
4016.2776 3325.09 1.5 0 0
4016.2776 3425.09 1.5 0 0
4016.2776 3525.09 1.5 0 0
4016.2776 3625.09 1.5 0 0
4016.2776 3725.09 1.5 0 0
4016.2776 3825.09 1.5 0 0
4016.2776 3925.09 1.5 0 0
4016.2776 425.09 1.5 0 0
4016.2776 525.09 1.5 0 0
4016.2776 625.09 1.5 0 0
4016.2776 725.09 1.5 0 0
4016.2776 825.09 1.5 0 0
4016.2776 925.09 1.5 0 0
416.2776 125.09 1.5 34.0361 66.1916
416.2776 225.09 1.5 37.4994 74.2804
416.2776 325.09 1.5 4.14978 4.32724
516.2776 125.09 1.5 44.3964 68.0856
516.2776 225.09 1.5 71.3033 90.6316
516.2776 325.09 1.5 47.0239 66.1464
516.2776 425.09 1.5 0.104889 0.104411
616.2776 125.09 1.5 61.9648 65.5197
616.2776 225.09 1.5 96.0287 90.2117
616.2776 325.09 1.5 92.7651 85.1016
616.2776 425.09 1.5 3.14122 2.77779
616.2776 525.09 1.5 0.0721408 0.0719198
716.2776 125.09 1.5 65.1077 60.6444
716.2776 225.09 1.5 97.6965 81.9915
716.2776 325.09 1.5 112.923 83.1888
716.2776 425.09 1.5 4.84003 4.12394
716.2776 525.09 1.5 2.0225 1.86219
716.2776 625.09 1.5 0.0555404 0.0554002
816.2776 125.09 1.5 60.8161 51.755
816.2776 225.09 1.5 98.1879 73.1026
816.2776 325.09 1.5 102.559 74.6312
816.2776 425.09 1.5 5.21971 4.42492
816.2776 525.09 1.5 2.53473 2.3212
816.2776 625.09 1.5 1.38271 1.29985
816.2776 725.09 1.5 0.0380054 0.0379485
916.2776 125.09 1.5 55.5452 43.7423
916.2776 225.09 1.5 86.7442 61.8153
916.2776 325.09 1.5 94.0531 64.023
916.2776 425.09 1.5 4.57622 3.95185
916.2776 525.09 1.5 2.54583 2.34399
916.2776 625.09 1.5 1.75951 1.65502
916.2776 725.09 1.5 0.990442 0.94848
916.2776 825.09 1.5 0.0260985 0.0260715
1000 350 1.5 35.6113 22.2296
1000 400 1.5 6.21176 4.84264
1000 450 1.5 3.71334 3.14354
1000 800 1.5 0.962895 0.912516
1000 810 1.5 0.823727 0.786067
1000 820 1.5 0.841542 0.793199
1000 830 1.5 0.607256 0.588525
1000 840 1.5 0.540447 0.525596
1000 850 1.5 0.470712 0.456598
1000 860 1.5 0.356053 0.348543
1000 870 1.5 0.268396 0.264343
1000 880 1.5 0.156623 0.155568
1000 890 1.5 0.115729 0.114931
1000 900 1.5 0.058065 0.0578742
1050 400 1.5 5.13768 4.23838
1050 450 1.5 3.90597 3.20329
1050 850 1.5 0.699778 0.678749
1050 860 1.5 0.752145 0.760137
1050 870 1.5 0.60368 0.585381
1050 880 1.5 0.618323 0.595231
1050 890 1.5 0.473026 0.460436
1050 900 1.5 0.413672 0.4021
1050 910 1.5 0.342781 0.334285
1050 920 1.5 0.237077 0.233419
1050 930 1.5 0.15347 0.152171
1050 940 1.5 0.100078 0.0995053
1050 950 1.5 0.0576191 0.0573855
1100 1000 1.5 0.0447645 0.0446524
1100 450 1.5 3.18248 2.75357
1100 900 1.5 0.71906 0.689795
1100 910 1.5 0.653003 0.62932
1100 920 1.5 0.577892 0.557603
1100 930 1.5 0.450378 0.440555
1100 940 1.5 0.48077 0.464099
1100 950 1.5 0.318047 0.3129
1100 960 1.5 0.263329 0.25947
1100 970 1.5 0.198468 0.196118
1100 980 1.5 0.117717 0.117098
1100 990 1.5 0.0733345 0.0731043
1150 1000 1.5 0.252648 0.249922
1150 1010 1.5 0.253523 0.249426
1150 1020 1.5 0.148828 0.147861
1150 1030 1.5 0.102666 0.102207
1150 1040 1.5 0.0753302 0.0749937
1150 1050 1.5 0.0412116 0.0411042
1150 950 1.5 0.584059 0.567731
1150 960 1.5 0.626564 0.600904
1150 970 1.5 0.476412 0.464596
1150 980 1.5 0.430369 0.419898
1150 990 1.5 0.363123 0.355741
1200 1000 1.5 0.547224 0.53129
1200 1010 1.5 0.446774 0.437482
1200 1020 1.5 0.420414 0.411441
1200 1030 1.5 0.442921 0.429318
1200 1040 1.5 0.326519 0.320089
1200 1050 1.5 0.241847 0.238812
1200 1060 1.5 0.194258 0.19233
1200 1070 1.5 0.154699 0.153307
1200 1080 1.5 0.116812 0.115908
1200 1090 1.5 0.0695814 0.0692748
1200 1100 1.5 0.0298623 0.0298195
1250 1050 1.5 0.455035 0.445334
1250 1060 1.5 0.404236 0.396919
1250 1070 1.5 0.395988 0.3873
1250 1080 1.5 0.335385 0.329039
1250 1090 1.5 0.274251 0.270126
1250 1100 1.5 0.252716 0.248458
1250 1110 1.5 0.178934 0.17715
1250 1120 1.5 0.122727 0.121971
1250 1130 1.5 0.102771 0.102067
1250 1140 1.5 0.0575851 0.0574028
1250 1150 1.5 0.0302895 0.0302385
1300 1100 1.5 0.504504 0.488317
1300 1110 1.5 0.387963 0.38
1300 1120 1.5 0.36976 0.361277
1300 1130 1.5 0.276313 0.272528
1300 1140 1.5 0.235391 0.23256
1300 1150 1.5 0.218552 0.215544
1300 1160 1.5 0.170802 0.169019
1300 1170 1.5 0.147982 0.14625
1300 1180 1.5 0.0735904 0.0733247
1300 1190 1.5 0.0609656 0.0606884
1300 1200 1.5 0.0256265 0.0255903
1350 1150 1.5 0.333567 0.329239
1350 1160 1.5 0.458194 0.442369
1350 1170 1.5 0.324255 0.317981
1350 1180 1.5 0.286929 0.28193
1350 1190 1.5 0.236946 0.233469
1350 1200 1.5 0.17912 0.177313
1350 1210 1.5 0.139007 0.13795
1350 1220 1.5 0.0944035 0.0939692
1350 1230 1.5 0.0803919 0.0799546
1350 1240 1.5 0.040737 0.0406563
1350 1250 1.5 0.020748 0.0207283
1400 1200 1.5 0.378696 0.369917
1400 1210 1.5 0.310916 0.305871
1400 1220 1.5 0.329478 0.321824
1400 1230 1.5 0.247347 0.243791
1400 1240 1.5 0.193898 0.19179
1400 1250 1.5 0.184033 0.181727
1400 1260 1.5 0.120357 0.119593
1400 1270 1.5 0.0932554 0.0927451
1400 1280 1.5 0.067431 0.0671481
1400 1290 1.5 0.0397852 0.0396963
1400 1300 1.5 0.0226711 0.0226366
400 200 1.5 36.5918 77.1516
400 210 1.5 36.5575 74.3311
400 220 1.5 40.669 69.6227
400 230 1.5 40.0403 69.0996
400 240 1.5 33.7303 63.4632
400 250 1.5 31.0551 55.4539
400 260 1.5 26.3394 48.41
400 270 1.5 24.5399 40.0802
400 280 1.5 19.1255 30.8312
400 290 1.5 16.6596 20.6662
400 300 1.5 8.91381 10.9333
450 250 1.5 48.056 78.0633
450 260 1.5 49.0257 76.2572
450 270 1.5 47.7807 73.0469
450 280 1.5 44.9889 66.5085
450 290 1.5 39.5407 59.7254
450 300 1.5 35.2866 51.7449
450 310 1.5 32.4466 44.7565
450 320 1.5 25.4445 33.6672
450 330 1.5 20.2501 24.9844
450 340 1.5 13.7573 14.9507
450 350 1.5 2.80467 2.52783
500 300 1.5 63.923 76.4938
500 310 1.5 55.1498 70.1075
500 320 1.5 49.9775 64.6245
500 330 1.5 41.8767 55.315
500 340 1.5 43.2653 44.6325
500 350 1.5 15.2042 12.9745
500 360 1.5 4.9069 4.45299
500 370 1.5 2.66828 2.37472
500 380 1.5 1.12011 1.07501
500 390 1.5 0.586763 0.57783
500 400 1.5 0.363682 0.354275
550 350 1.5 27.0516 21.7027
550 360 1.5 9.75047 8.53993
550 370 1.5 6.78767 5.41852
550 380 1.5 4.80785 3.89057
550 390 1.5 3.22226 2.7966
550 400 1.5 2.53621 2.25789
550 410 1.5 1.59042 1.44986
550 420 1.5 1.17522 1.1109
550 430 1.5 0.852739 0.803417
550 440 1.5 0.464671 0.455158
550 450 1.5 0.282002 0.276155
600 350 1.5 35.8449 26.8834
600 400 1.5 4.61683 3.85876
600 410 1.5 3.5564 3.06377
600 420 1.5 3.31219 2.78549
600 430 1.5 2.85041 2.49802
600 440 1.5 1.96361 1.76273
600 450 1.5 1.78456 1.6289
600 460 1.5 1.11865 1.05559
600 470 1.5 1.10123 1.02804
600 480 1.5 0.73057 0.694243
600 490 1.5 0.388118 0.379152
600 500 1.5 0.22567 0.222381
650 350 1.5 41.9008 29.3826
650 400 1.5 6.17426 5.03064
650 450 1.5 3.26772 2.74639
650 460 1.5 2.94846 2.54684
650 470 1.5 2.4321 2.09838
650 480 1.5 1.91495 1.77278
650 490 1.5 1.69972 1.53935
650 500 1.5 1.33047 1.23895
650 510 1.5 1.25123 1.15551
650 520 1.5 0.754566 0.72718
650 530 1.5 0.557156 0.538763
650 540 1.5 0.340897 0.335394
650 550 1.5 0.193947 0.191078
700 350 1.5 44.35 30.1973
700 400 1.5 7.70068 5.75316
700 450 1.5 4.2513 3.54754
700 500 1.5 2.57528 2.25744
700 510 1.5 2.07414 1.89366
700 520 1.5 1.8212 1.66959
700 530 1.5 1.54015 1.41683
700 540 1.5 1.49514 1.38906
700 550 1.5 1.2555 1.16249
700 560 1.5 0.959693 0.898552
700 570 1.5 0.731749 0.701212
700 580 1.5 0.440084 0.431054
700 590 1.5 0.339859 0.330836
700 600 1.5 0.150645 0.149525
750 350 1.5 44.5348 29.8488
750 400 1.5 7.54109 5.81395
750 450 1.5 4.4301 3.58722
750 550 1.5 2.163 1.9003
750 560 1.5 1.95581 1.72838
750 570 1.5 1.93424 1.71774
750 580 1.5 1.4667 1.33845
750 590 1.5 1.25485 1.17188
750 600 1.5 1.06995 0.996868
750 610 1.5 0.830277 0.787775
750 620 1.5 0.612614 0.589203
750 630 1.5 0.464073 0.448371
750 640 1.5 0.285277 0.279901
750 650 1.5 0.146203 0.144659
800 350 1.5 41.0032 27.9468
800 400 1.5 8.00298 5.87512
800 450 1.5 4.81653 3.84879
800 600 1.5 1.7968 1.62465
800 610 1.5 1.40995 1.32116
800 620 1.5 1.30179 1.22114
800 630 1.5 1.32096 1.21109
800 640 1.5 1.12045 1.04936
800 650 1.5 0.845754 0.80323
800 660 1.5 0.657237 0.632282
800 670 1.5 0.561082 0.538089
800 680 1.5 0.375034 0.365
800 690 1.5 0.232669 0.229144
800 700 1.5 0.131298 0.130171
850 350 1.5 40.8044 27.5337
850 400 1.5 7.33112 5.64376
850 450 1.5 4.22009 3.6569
850 650 1.5 1.46608 1.36492
850 660 1.5 1.25478 1.18172
850 670 1.5 1.20554 1.11371
850 680 1.5 1.09617 1.0213
850 690 1.5 0.891935 0.842245
850 700 1.5 0.782444 0.742867
850 710 1.5 0.524856 0.511236
850 720 1.5 0.43764 0.42488
850 730 1.5 0.302202 0.296356
850 740 1.5 0.207058 0.204509
850 750 1.5 0.0925563 0.0920478
900 350 1.5 38.4876 25.6763
900 400 1.5 6.51121 5.21238
900 450 1.5 4.28409 3.52621
900 710 1.5 1.00228 0.957399
900 720 1.5 0.975068 0.922943
900 730 1.5 0.902055 0.855945
900 740 1.5 0.67576 0.652953
900 750 1.5 0.634314 0.612283
900 760 1.5 0.500089 0.483191
900 770 1.5 0.395249 0.384489
900 780 1.5 0.270762 0.265628
900 790 1.5 0.16252 0.160902
900 800 1.5 0.0855972 0.0851237
950 350 1.5 38.8326 23.9033
950 400 1.5 6.50159 5.06537
950 450 1.5 4.52057 3.63231
950 750 1.5 1.15231 1.07878
950 760 1.5 0.995387 0.938332
950 770 1.5 0.725019 0.701829
950 780 1.5 0.818796 0.793695
950 790 1.5 0.689349 0.657638
950 800 1.5 0.47001 0.457773
950 810 1.5 0.482251 0.465655
950 820 1.5 0.327792 0.320569
950 830 1.5 0.183968 0.1824
950 840 1.5 0.129097 0.128103
950 850 1.5 0.0745827 0.0742375
